The R in 0.jpg is
[0.9234079431310741, -0.009465688004897794, -0.3837032333888169;
 0.04516590228801987, 0.9954299543287917, 0.08413826296928568;
 0.3811532655414984, -0.09502424309392611, 0.9196154529973267]
The tvec in 0.jpg is
[-97.26868888576681;
 -51.19202201141212;
 158.0202645706506]
The R in 1.jpg is
[0.9974096845261977, -0.05616621414114294, -0.04493637282204787;
 0.05886056776536167, 0.9963964226428148, 0.06107047164498046;
 0.04134434393831971, -0.06355726027490778, 0.9971214168247804]
The tvec in 1.jpg is
[-87.26634732996699;
 -48.21570708271698;
 183.9681302924602]
The R in 2.jpg is
[0.9903553395889042, -0.05067483445782039, 0.128951008140374;
 0.04509741711871633, 0.997931586125719, 0.04581236057907605;
 -0.1310058178745006, -0.03955515851667477, 0.9905921790109964]
The tvec in 2.jpg is
[-91.38608893864991;
 -51.62439249500093;
 192.6125136611807]
The R in 3.jpg is
[0.8316314356169703, -0.0215590787833826, 0.5549093272019032;
 0.02379715364038529, 0.9997117626446276, 0.003176020873293661;
 -0.5548178536891841, 0.01056398371749985, 0.8319047730814768]
The tvec in 3.jpg is
[-73.39825441669083;
 -58.65450276482449;
 238.4466333856328]
The R in 4.jpg is
[0.7674216682790115, -0.01218395060931526, 0.6410269373461684;
 0.06818922832458921, 0.9956996412845044, -0.06270927751462553;
 -0.6375062448293004, 0.09183559055975545, 0.7649522940093618]
The tvec in 4.jpg is
[-76.9026570312831;
 -70.11937499926148;
 245.7185368287965]
The R in 5.jpg is
[0.9149224545275446, 0.09072377241055712, 0.3933015373996019;
 0.06991267456231576, 0.9240634720604093, -0.3757910556934597;
 -0.3975287664268295, 0.3713164374536342, 0.83910367842115]
The tvec in 5.jpg is
[-100.1124686701323;
 -50.03939861902159;
 222.2330450191487]
The R in 6.jpg is
[0.9860020781947092, 0.03344987628848531, 0.1633432201592693;
 0.04127870289809067, 0.9001984336432524, -0.4335191446214181;
 -0.1615424726898955, 0.4341933737892829, 0.8862167588545786]
The tvec in 6.jpg is
[-92.4549709116956;
 -51.18484728618461;
 191.9678743813273]
The R in 7.jpg is
[0.9990765795252317, 0.04158746928396659, 0.01079215653697617;
 -0.02986189887587816, 0.8527219899692038, -0.5215107619392795;
 -0.03089102199167727, 0.520706913936733, 0.8531764498266425]
The tvec in 7.jpg is
[-62.24690414921275;
 -51.95040862872892;
 151.6280544865027]
The R in 8.jpg is
[0.9764803207328093, -0.05613855237594079, -0.2081697532272245;
 -0.06521512964644666, 0.8433772162623291, -0.5333496582494467;
 0.2055071047111193, 0.5343812627953363, 0.8198801716632222]
The tvec in 8.jpg is
[-72.30201830449523;
 -40.41301214685927;
 138.0811485961392]
The R in 9.jpg is
[0.8937241679895953, -0.2344584705727508, -0.3824739692161968;
 0.01125514076352188, 0.8640126397016683, -0.5033442959269016;
 0.4484756775542003, 0.4455461637276675, 0.7748278406393638]
The tvec in 9.jpg is
[-53.68751934937323;
 -36.56098371381648;
 124.0438682814886]
The R in 10.jpg is
[0.8973720105361985, -0.09004700534318415, -0.4319895965586966;
 0.05618667638213574, 0.9943062359548875, -0.09054372721703399;
 0.4376831412144521, 0.05697934687189806, 0.8973220279959152]
The tvec in 10.jpg is
[-54.49291343747809;
 -73.6491519362481;
 177.1850947302636]
The R in 11.jpg is
[0.9108460299985938, -0.06562536207012114, -0.4074957932162814;
 0.1751385001138779, 0.9554425569081306, 0.2376047689477523;
 0.3737459236080871, -0.2877895625314078, 0.8817545873338675]
The tvec in 11.jpg is
[-58.78078845680946;
 -65.48040612528423;
 202.6148338864418]
The R in 12.jpg is
[0.9875730028049119, -0.116430683999282, -0.1055625878535997;
 0.1455542746369576, 0.9309313502516766, 0.3349339849186694;
 0.05927492948792695, -0.3461368471313762, 0.9363096527282797]
The tvec in 12.jpg is
[-57.73053888840654;
 -51.68950416572396;
 227.3477095408882]
The R in 13.jpg is
[0.9798173617184265, -0.1162322648625247, 0.1626284055141352;
 0.05802409735444312, 0.9439184775633711, 0.3250401695800839;
 -0.1912881120230533, -0.3090436349763178, 0.9316119846155266]
The tvec in 13.jpg is
[-64.70883404566931;
 -52.79606174491261;
 251.0957197014426]
The R in 14.jpg is
[0.840394071229942, -0.1705020321673048, 0.5144578331295799;
 0.01109878849500902, 0.9544415844402786, 0.2981913459258565;
 -0.541862179834971, -0.2448883805286607, 0.8039994148919163]
The tvec in 14.jpg is
[-46.75422072218073;
 -63.45988709239138;
 273.7473113458523]
The R in 15.jpg is
[0.8716647722292736, -0.2180860976534372, 0.4389065719088563;
 0.05436301754089649, 0.9330376308672711, 0.3556479181851598;
 -0.4870782146414853, -0.2861454759311867, 0.8251518523434204]
The tvec in 15.jpg is
[-54.88958367595944;
 -62.84860308664026;
 233.5286641626826]
The R in 16.jpg is
[0.9911751588510851, -0.05176508591692866, -0.1220335214461145;
 0.09363690457798063, 0.9250424630688751, 0.3681420535887243;
 0.09382928422182731, -0.3763200996485333, 0.9217262326867656]
The tvec in 16.jpg is
[-92.55857734936069;
 -69.58863188653145;
 180.706069305495]
The R in 17.jpg is
[0.9022269525545652, -0.002971052985437164, -0.4312513175959699;
 0.1419523922550604, 0.9462990103308553, 0.290461187389829;
 0.4072297194669955, -0.3232790681300007, 0.8541982203750079]
The tvec in 17.jpg is
[-83.05905837502137;
 -72.68392813275952;
 149.4641436881577]
The R in 18.jpg is
[0.8332326731399111, 0.02533225120243377, -0.5523419135473379;
 0.1176519633586441, 0.9679507840658468, 0.2218767566559612;
 0.540260426026166, -0.2498590736301748, 0.8035478301847977]
The tvec in 18.jpg is
[-57.08373392560797;
 -66.19273975258447;
 144.0624218662607]
The R in 19.jpg is
[0.9523010128520212, -0.2634087290681789, -0.1540734317515562;
 0.1369575831544088, 0.8201097329473009, -0.5555741591737414;
 0.2727002041391203, 0.5079723096545651, 0.8170671522504676]
The tvec in 19.jpg is
[-42.60350813114724;
 -48.83167703333213;
 131.448031008693]
The R in 20.jpg is
[0.9977800245116623, -0.06454718181158493, 0.01639158337955457;
 0.06296460794064969, 0.8341835143322618, -0.5478807557882988;
 0.02169057012590877, 0.547696563560937, 0.836395835374109]
The tvec in 20.jpg is
[-78.18424935674767;
 -47.28131276281984;
 126.1848276606456]
The R in 21.jpg is
[0.9150284547431575, 0.1636265125081436, 0.3687130204030931;
 0.06684823580358057, 0.8398919915995104, -0.5386211616869103;
 -0.3978118152849389, 0.5175015042020943, 0.7575869275325912]
The tvec in 21.jpg is
[-116.5698652965969;
 -56.24667915485224;
 164.4526479304978]
The R in 22.jpg is
[0.9454703400147626, -0.007595475873288675, 0.3256196322377192;
 0.02812993085487681, 0.9978968030069377, -0.05840100631523965;
 -0.3244912065718716, 0.06437607703791139, 0.9436954898497395]
The tvec in 22.jpg is
[-99.76904445207256;
 -60.8340800100121;
 216.2614810951721]
The R in 23.jpg is
[0.9733558345631612, -0.05636419819137721, 0.2222644741835616;
 0.0421882329259524, 0.996791338299108, 0.06802338490885912;
 -0.2253853862264312, -0.05683401317975326, 0.972610570897441]
The tvec in 23.jpg is
[-95.50125602864438;
 -53.00588744036018;
 217.3230787838858]
The R in 24.jpg is
[0.9927965383966995, -0.03664674924132262, -0.1140703691480589;
 0.05243456132860194, 0.9889535243281652, 0.1386417812103491;
 0.1077295230000017, -0.1436243102296573, 0.9837511918088065]
The tvec in 24.jpg is
[-113.6594022452332;
 -55.54153153749677;
 185.9923470757846]
The R in 25.jpg is
[0.9296669534625083, -0.04339196001258219, -0.3658367032516076;
 0.08992451629595072, 0.9897296875214667, 0.1111248262432798;
 0.3572575219763436, -0.1362067672508466, 0.924020984364747]
The tvec in 25.jpg is
[-65.49876615254789;
 -66.77649829170159;
 150.4605817441283]
The R in 26.jpg is
[0.9115182423105939, -0.07089223731011697, -0.4051034246018805;
 0.2304528480649011, 0.9038988059659608, 0.3603587565081301;
 0.3406258633072085, -0.4218308182938704, 0.8402575688345465]
The tvec in 26.jpg is
[-62.47214851043968;
 -71.17586546495542;
 172.2329560292268]
The R in 27.jpg is
[0.9739443617410888, -0.183107450647466, -0.1338059854794584;
 0.2237722865708707, 0.8717907868455734, 0.4357829594351068;
 0.03685571862801388, -0.454370427612275, 0.89005009438562]
The tvec in 27.jpg is
[-78.2913319128367;
 -80.22289254292478;
 192.2655361395194]
The R in 28.jpg is
[0.8709130207761523, -0.0769270809231152, 0.4853789596420574;
 -0.114015229734772, 0.9290950296490476, 0.3518280166074935;
 -0.4780282812042449, -0.3617521943293283, 0.8003901000554864]
The tvec in 28.jpg is
[-85.61824764047678;
 -49.49184266495931;
 221.9874819081951]
The R in 29.jpg is
[0.8138865188079489, -0.003907064023385545, 0.5810107308418627;
 -0.1297476734863652, 0.9735035865122923, 0.1882984553111879;
 -0.5663517243970869, -0.2286383648874813, 0.7918145126063459]
The tvec in 29.jpg is
[-85.58138200973731;
 -44.98049387110321;
 228.3848991310138]
The R in 30.jpg is
[0.8381300108319878, 0.08447362774240569, 0.538889869230077;
 -0.03517500186174519, 0.9942495527755684, -0.1011461618135293;
 -0.5443351946978978, 0.06581818154294375, 0.8362817484505936]
The tvec in 30.jpg is
[-101.0123940693836;
 -48.09411697339644;
 217.5229201403214]
The R in 31.jpg is
[0.9035741778431287, 0.0782912349230607, 0.4212175063661721;
 0.09599922683811254, 0.9211640766343941, -0.3771483691662853;
 -0.4175378468852839, 0.3812180825361333, 0.8248241751827325]
The tvec in 31.jpg is
[-87.33229006021855;
 -50.55103313155707;
 209.3773647748103]
The R in 32.jpg is
[0.9958975881816289, -0.03657675599190373, -0.08276554098852595;
 0.01402535607628105, 0.966004438213134, -0.2581447553979372;
 0.08939397765480717, 0.2559249231193321, 0.9625544922161112]
The tvec in 32.jpg is
[-82.85682966648977;
 -43.07805151181409;
 160.4956290424377]
The R in 33.jpg is
[0.9216811232173647, -0.05992787343875648, -0.3832917388750839;
 -0.03460000253620099, 0.9713615212033104, -0.2350736798326975;
 0.3864023122721602, 0.2299248684042226, 0.893212073339825]
The tvec in 33.jpg is
[-76.41086516048964;
 -26.56253278718933;
 160.1907182337249]
The R in 34.jpg is
[0.8615786520391744, -0.09027001699489515, -0.4995333326036417;
 0.1622496570829962, 0.981412354034642, 0.1024931223284412;
 0.4809961279748615, -0.1693549980954918, 0.8602102123860578]
The tvec in 34.jpg is
[-50.91318107091544;
 -70.10755571704864;
 175.280102017219]
The R in 35.jpg is
[0.983270621048917, -0.03782442294753835, -0.1781802424814902;
 0.09985831390165217, 0.9300406808372955, 0.3536278398718332;
 0.1523391050479029, -0.3655046443157536, 0.9182587609474894]
The tvec in 35.jpg is
[-83.70851180481034;
 -64.45231280853109;
 220.9528680272983]
The R in 36.jpg is
[0.9975682529044514, -0.06968988418477985, 0.0009491256358166774;
 0.06544403697734534, 0.9413017193395785, 0.3311618202517632;
 -0.02397204249262977, -0.3302944038440028, 0.9435734989750753]
The tvec in 36.jpg is
[-101.0525530519312;
 -62.7639903936352;
 178.7331589316381]
The R in 37.jpg is
[0.8624249766430452, -0.001438838224775807, 0.5061828616288838;
 -0.08620460034317033, 0.9849703442265463, 0.149673604466229;
 -0.498790463563526, -0.1727175461231481, 0.8493389916395461]
The tvec in 37.jpg is
[-84.40743565905832;
 -59.53471122627503;
 208.3278973207867]
The R in 38.jpg is
[0.8721831902882665, 0.001049905461023223, 0.4891782704465771;
 -0.05687668146284917, 0.9934330539027216, 0.09927643486389796;
 -0.48586163224148, -0.1144100743467773, 0.8665153254291639]
The tvec in 38.jpg is
[-90.32180098431266;
 -56.20442840197182;
 209.1588746570859]
The R in 39.jpg is
[0.998748801299004, -0.009823476136310506, -0.04903398026269071;
 0.004580914828925746, 0.9943656986130516, -0.105905017072413;
 0.04979806344761544, 0.1055478883653164, 0.9931665500501363]
The tvec in 39.jpg is
[-87.04338465861944;
 -64.71386844749675;
 157.8306704131998]
The R in 40.jpg is
[0.9944231940813995, -0.001597346418176685, -0.1054512188519776;
 -0.003465855060515067, 0.9988502473125251, -0.04781392362489131;
 0.1054063514293462, 0.0479127532931241, 0.9932743171703502]
The tvec in 40.jpg is
[-92.30721855553935;
 -53.32951206813181;
 128.7189047757694]
